6,211.4239,36.753895,217.63556,59.936115,200.665,76.90668,177.48277,70.69502,171.27112,47.5128,188.2417,30.542233,
8,328.97055,6.5422344,328.97055,30.542238,312.0,47.512802,288.0,47.512802,271.02942,30.542233,271.02945,6.5422277,288.0,-10.428328,312.0,-10.428326,
6,352.15277,36.753895,358.36444,59.936115,341.3939,76.90668,318.21167,70.69502,312.0,47.5128,328.97058,30.542233,
6,141.05946,107.11833,147.27112,130.30055,130.30055,147.27112,107.11833,141.05946,100.90668,117.87724,117.87725,100.90668,
4,167.19112,96.826675,151.35112,96.826675,151.35112,80.98668,167.19112,80.98668,
8,258.60608,76.90668,258.60608,100.90668,241.63553,117.87724,217.63553,117.87724,200.66496,100.90668,200.66496,76.90667,217.63553,59.93611,241.63553,59.936115,
6,281.7883,70.69502,258.60608,76.90668,241.63553,59.93611,247.84718,36.75389,271.02942,30.542236,287.99997,47.512806,
6,281.7883,107.11833,287.99997,130.30055,271.02942,147.27112,247.84718,141.05946,241.63553,117.87724,258.6061,100.90668,
4,307.91998,96.826675,292.07996,96.826675,292.07996,80.98668,307.91998,80.98668,
8,399.335,76.90668,399.335,100.90668,382.36444,117.87724,358.36444,117.87724,341.39386,100.90668,341.3939,76.90667,358.36444,59.93611,382.36444,59.936115,
6,422.5172,70.69502,399.335,76.90668,382.36444,59.93611,388.5761,36.75389,411.75833,30.542236,428.72888,47.512806,
6,422.5172,107.11833,428.72888,130.30055,411.75833,147.27112,388.5761,141.05946,382.36444,117.87724,399.33502,100.90668,
4,448.6489,96.826675,432.80887,96.826675,432.8089,80.98668,448.64886,80.98668,
6,70.69502,177.48277,76.90668,200.665,59.936115,217.63556,36.753895,211.4239,30.542236,188.24168,47.51281,171.27112,
4,96.826675,167.19112,80.98668,167.19112,80.98668,151.35112,96.826675,151.35112,
8,188.24168,147.27112,188.24168,171.27112,171.27112,188.24168,147.27112,188.24168,130.30055,171.27112,130.30055,147.2711,147.27112,130.30055,171.27112,130.30055,
6,211.4239,141.05946,188.24168,147.27112,171.27112,130.30055,177.48277,107.11833,200.665,100.90668,217.63556,117.87724,
6,211.4239,177.48277,217.63556,200.665,200.665,217.63556,177.48277,211.4239,171.27112,188.24168,188.2417,171.27112,
4,237.55556,167.19112,221.71556,167.19112,221.71556,151.35112,237.55556,151.35112,
8,328.97055,147.27112,328.97055,171.27112,312.0,188.24168,288.0,188.24168,271.02942,171.27112,271.02945,147.2711,288.0,130.30055,312.0,130.30055,
6,352.15277,141.05946,328.97055,147.27112,312.0,130.30055,318.21167,107.11833,341.3939,100.90668,358.36444,117.87724,
6,352.15277,177.48277,358.36444,200.665,341.3939,217.63556,318.21167,211.4239,312.0,188.24168,328.97058,171.27112,
4,378.28445,167.19112,362.44443,167.19112,362.44446,151.35112,378.28442,151.35112,
8,469.69943,147.27112,469.69943,171.27112,452.72888,188.24168,428.72888,188.24168,411.7583,171.27112,411.75833,147.2711,428.72888,130.30055,452.72888,130.30055,
6,492.88165,141.05946,469.69943,147.27112,452.72888,130.30055,458.94055,107.11833,482.12277,100.90668,499.09332,117.87724,
6,492.88165,177.48277,499.09332,200.665,482.12277,217.63556,458.94055,211.4239,452.72888,188.24168,469.69946,171.27112,
4,519.0133,167.19112,503.1733,167.19112,503.17334,151.35112,519.0133,151.35112,
8,117.87724,217.63553,117.87724,241.63553,100.90668,258.60608,76.90668,258.60608,59.93611,241.63553,59.936115,217.63551,76.90667,200.66496,100.906685,200.66496,
6,141.05946,211.42387,117.877235,217.63553,100.90668,200.66496,107.11834,177.48274,130.30055,171.27109,147.27112,188.24165,
6,141.05946,247.84718,147.27112,271.02942,130.30055,287.99997,107.11833,281.7883,100.90668,258.60608,117.87725,241.63553,
4,167.19112,237.55553,151.35112,237.55553,151.35112,221.71553,167.19112,221.71553,
8,258.60608,217.63553,258.60608,241.63553,241.63553,258.60608,217.63553,258.60608,200.66496,241.63553,200.66496,217.63551,217.63553,200.66496,241.63553,200.66496,
6,281.7883,211.42387,258.60608,217.63553,241.63553,200.66496,247.84718,177.48274,271.02942,171.27109,287.99997,188.24165,
6,281.7883,247.84718,287.99997,271.02942,271.02942,287.99997,247.84718,281.7883,241.63553,258.60608,258.6061,241.63553,
4,307.91998,237.55553,292.07996,237.55553,292.07996,221.71553,307.91998,221.71553,
8,399.335,217.63553,399.335,241.63553,382.36444,258.60608,358.36444,258.60608,341.39386,241.63553,341.3939,217.63551,358.36444,200.66496,382.36444,200.66496,
6,422.5172,211.42387,399.335,217.63553,382.36444,200.66496,388.5761,177.48274,411.75833,171.27109,428.72888,188.24165,
6,422.5172,247.84718,428.72888,271.02942,411.75833,287.99997,388.5761,281.7883,382.36444,258.60608,399.33502,241.63553,
4,448.6489,237.55553,432.80887,237.55553,432.8089,221.71553,448.64886,221.71553,
8,540.06384,217.63553,540.06384,241.63553,523.09326,258.60608,499.09326,258.60608,482.12268,241.63553,482.1227,217.63551,499.09326,200.66496,523.09326,200.66496,
6,563.2461,211.42387,540.06384,217.63553,523.09326,200.66496,529.30493,177.48274,552.4872,171.27109,569.45776,188.24165,
6,563.2461,247.84718,569.45776,271.02942,552.4872,287.99997,529.30493,281.7883,523.09326,258.60608,540.06384,241.63553,
8,47.512802,288.0,47.512802,312.0,30.542236,328.97055,6.5422363,328.97058,-10.428331,312.0,-10.428326,288.0,6.5422306,271.02945,30.542244,271.02945,
6,70.69502,281.78833,47.5128,288.0,30.542236,271.02942,36.7539,247.84721,59.93611,241.63556,76.90668,258.60614,
6,70.69502,318.21167,76.90668,341.3939,59.936115,358.36444,36.753895,352.15277,30.542236,328.97055,47.51281,312.0,
4,96.826675,307.92,80.98668,307.92,80.98668,292.08,96.826675,292.08,
8,188.24168,288.0,188.24168,312.0,171.27112,328.97055,147.27112,328.97058,130.30055,312.0,130.30055,288.0,147.27112,271.02945,171.27112,271.02945,
6,211.4239,281.78833,188.24168,288.0,171.27112,271.02942,177.48277,247.84721,200.665,241.63556,217.63556,258.60614,
6,211.4239,318.21167,217.63556,341.3939,200.665,358.36444,177.48277,352.15277,171.27112,328.97055,188.2417,312.0,
4,237.55556,307.92,221.71556,307.92,221.71556,292.08,237.55556,292.08,
8,328.97055,288.0,328.97055,312.0,312.0,328.97055,288.0,328.97058,271.02942,312.0,271.02945,288.0,288.0,271.02945,312.0,271.02945,
6,352.15277,281.78833,328.97055,288.0,312.0,271.02942,318.21167,247.84721,341.3939,241.63556,358.36444,258.60614,
6,352.15277,318.21167,358.36444,341.3939,341.3939,358.36444,318.21167,352.15277,312.0,328.97055,328.97058,312.0,
4,378.28445,307.92,362.44443,307.92,362.44446,292.08,378.28442,292.08,
8,469.69943,288.0,469.69943,312.0,452.72888,328.97055,428.72888,328.97058,411.7583,312.0,411.75833,288.0,428.72888,271.02945,452.72888,271.02945,
6,492.88165,281.78833,469.69943,288.0,452.72888,271.02942,458.94055,247.84721,482.12277,241.63556,499.09332,258.60614,
6,492.88165,318.21167,499.09332,341.3939,482.12277,358.36444,458.94055,352.15277,452.72888,328.97055,469.69946,312.0,
4,519.0133,307.92,503.1733,307.92,503.17334,292.08,519.0133,292.08,
8,610.42834,288.0,610.42834,312.0,593.45776,328.97055,569.45776,328.97058,552.4872,312.0,552.4872,288.0,569.45776,271.02945,593.45776,271.02945,
8,117.87724,358.36444,117.87724,382.36444,100.90668,399.335,76.90668,399.33502,59.93611,382.36444,59.936115,358.36444,76.90667,341.3939,100.906685,341.3939,
6,141.05946,352.15277,117.877235,358.36444,100.90668,341.39386,107.11834,318.21167,130.30055,312.0,147.27112,328.97058,
6,141.05946,388.5761,147.27112,411.75833,130.30055,428.72888,107.11833,422.5172,100.90668,399.335,117.87725,382.36444,
4,167.19112,378.28445,151.35112,378.28445,151.35112,362.44443,167.19112,362.44443,
8,258.60608,358.36444,258.60608,382.36444,241.63553,399.335,217.63553,399.33502,200.66496,382.36444,200.66496,358.36444,217.63553,341.3939,241.63553,341.3939,
6,281.7883,352.15277,258.60608,358.36444,241.63553,341.39386,247.84718,318.21167,271.02942,312.0,287.99997,328.97058,
6,281.7883,388.5761,287.99997,411.75833,271.02942,428.72888,247.84718,422.5172,241.63553,399.335,258.6061,382.36444,
4,307.91998,378.28445,292.07996,378.28445,292.07996,362.44443,307.91998,362.44443,
8,399.335,358.36444,399.335,382.36444,382.36444,399.335,358.36444,399.33502,341.39386,382.36444,341.3939,358.36444,358.36444,341.3939,382.36444,341.3939,
6,422.5172,352.15277,399.335,358.36444,382.36444,341.39386,388.5761,318.21167,411.75833,312.0,428.72888,328.97058,
6,422.5172,388.5761,428.72888,411.75833,411.75833,428.72888,388.5761,422.5172,382.36444,399.335,399.33502,382.36444,
4,448.6489,378.28445,432.80887,378.28445,432.8089,362.44443,448.64886,362.44443,
8,540.06384,358.36444,540.06384,382.36444,523.09326,399.335,499.09326,399.33502,482.12268,382.36444,482.1227,358.36444,499.09326,341.3939,523.09326,341.3939,
6,563.2461,352.15277,540.06384,358.36444,523.09326,341.39386,529.30493,318.21167,552.4872,312.0,569.45776,328.97058,
6,563.2461,388.5761,569.45776,411.75833,552.4872,428.72888,529.30493,422.5172,523.09326,399.335,540.06384,382.36444,
6,70.69502,422.5172,47.5128,428.72888,30.542236,411.7583,36.7539,388.5761,59.93611,382.36444,76.90668,399.33502,
4,96.826675,448.6489,80.98668,448.6489,80.98668,432.80887,96.826675,432.80887,
8,188.24168,428.72888,188.24168,452.72888,171.27112,469.69943,147.27112,469.69946,130.30055,452.72888,130.30055,428.72888,147.27112,411.75833,171.27112,411.75833,
6,211.4239,422.5172,188.24168,428.72888,171.27112,411.7583,177.48277,388.5761,200.665,382.36444,217.63556,399.33502,
6,211.4239,458.94055,217.63556,482.12277,200.665,499.09332,177.48277,492.88165,171.27112,469.69943,188.2417,452.72888,
4,237.55556,448.6489,221.71556,448.6489,221.71556,432.80887,237.55556,432.80887,
8,328.97055,428.72888,328.97055,452.72888,312.0,469.69943,288.0,469.69946,271.02942,452.72888,271.02945,428.72888,288.0,411.75833,312.0,411.75833,
6,352.15277,422.5172,328.97055,428.72888,312.0,411.7583,318.21167,388.5761,341.3939,382.36444,358.36444,399.33502,
6,352.15277,458.94055,358.36444,482.12277,341.3939,499.09332,318.21167,492.88165,312.0,469.69943,328.97058,452.72888,
4,378.28445,448.6489,362.44443,448.6489,362.44446,432.80887,378.28442,432.80887,
8,469.69943,428.72888,469.69943,452.72888,452.72888,469.69943,428.72888,469.69946,411.7583,452.72888,411.75833,428.72888,428.72888,411.75833,452.72888,411.75833,
6,492.88165,422.5172,469.69943,428.72888,452.72888,411.7583,458.94055,388.5761,482.12277,382.36444,499.09332,399.33502,
6,492.88165,458.94055,499.09332,482.12277,482.12277,499.09332,458.94055,492.88165,452.72888,469.69943,469.69946,452.72888,
4,519.0133,448.6489,503.1733,448.6489,503.17334,432.80887,519.0133,432.80887,
6,141.05946,492.8816,117.877235,499.09326,100.90668,482.12268,107.11834,458.9405,130.30055,452.72882,147.27112,469.6994,
4,167.19112,519.01324,151.35112,519.01324,151.35112,503.17325,167.19112,503.17325,
8,258.60608,499.09326,258.60608,523.09326,241.63553,540.06384,217.63553,540.06384,200.66496,523.09326,200.66496,499.09326,217.63553,482.1227,241.63553,482.1227,
6,281.7883,492.8816,258.60608,499.09326,241.63553,482.12268,247.84718,458.9405,271.02942,452.72882,287.99997,469.6994,
6,281.7883,529.30493,287.99997,552.4872,271.02942,569.45776,247.84718,563.2461,241.63553,540.06384,258.6061,523.09326,
4,307.91998,519.01324,292.07996,519.01324,292.07996,503.17325,307.91998,503.17325,
8,399.335,499.09326,399.335,523.09326,382.36444,540.06384,358.36444,540.06384,341.39386,523.09326,341.3939,499.09326,358.36444,482.1227,382.36444,482.1227,
6,422.5172,492.8816,399.335,499.09326,382.36444,482.12268,388.5761,458.9405,411.75833,452.72882,428.72888,469.6994,
6,422.5172,529.30493,428.72888,552.4872,411.75833,569.45776,388.5761,563.2461,382.36444,540.06384,399.33502,523.09326,
4,448.6489,519.01324,432.80887,519.01324,432.8089,503.17325,448.64886,503.17325,
6,211.4239,563.2461,188.24168,569.45776,171.27112,552.4872,177.48277,529.30493,200.665,523.09326,217.63556,540.06384,
8,328.97055,569.45776,328.97055,593.45776,312.0,610.42834,288.0,610.42834,271.02942,593.45776,271.02945,569.45776,288.0,552.4872,312.0,552.4872,
6,352.15277,563.2461,328.97055,569.45776,312.0,552.4872,318.21167,529.30493,341.3939,523.09326,358.36444,540.06384,
6,147.27112,47.512802,171.27112,47.512802,177.48277,70.69502,167.19112,80.98668,151.35112,80.98668,141.05946,70.69502,
6,328.97055,6.5422344,352.15277,0.33057785,362.44446,10.622235,362.44443,26.462236,352.15277,36.753895,328.97055,30.542238,
6,288.0,47.512802,312.0,47.512802,318.21167,70.69502,307.91998,80.98668,292.07996,80.98668,281.7883,70.69502,
6,237.55556,10.622235,247.84718,0.33057785,271.02942,6.5422363,271.02942,30.542233,247.84718,36.75389,237.55556,26.462236,
6,428.72888,47.512802,452.72888,47.512802,458.94055,70.69502,448.64886,80.98668,432.8089,80.98668,422.5172,70.69502,
6,117.87724,76.90668,141.05946,70.69502,151.35112,80.98668,151.35112,96.826675,141.05946,107.11833,117.87724,100.90668,
6,76.90668,117.87724,100.90668,117.87724,107.11833,141.05946,96.826675,151.35112,80.98668,151.35112,70.69502,141.05946,
6,258.60608,76.90668,281.7883,70.69502,292.07996,80.98668,292.07996,96.826675,281.7883,107.11833,258.60608,100.90668,
6,217.63553,117.87724,241.63553,117.87724,247.84718,141.05946,237.55556,151.35112,221.71556,151.35112,211.4239,141.05946,
6,167.19112,80.98668,177.48277,70.69502,200.665,76.90668,200.66496,100.90668,177.48277,107.11833,167.19112,96.826675,
6,211.4239,36.753895,221.71556,26.462236,237.55556,26.462236,247.84718,36.75389,241.63553,59.936115,217.63556,59.936115,
6,399.335,76.90668,422.5172,70.69502,432.8089,80.98668,432.80887,96.826675,422.5172,107.11833,399.335,100.90668,
6,358.36444,117.87724,382.36444,117.87724,388.5761,141.05946,378.28442,151.35112,362.44446,151.35112,352.15277,141.05946,
6,307.91998,80.98668,318.21167,70.69502,341.3939,76.90668,341.39386,100.90668,318.21167,107.11833,307.91998,96.826675,
6,352.15277,36.753895,362.44443,26.462236,378.28445,26.462236,388.5761,36.75389,382.36444,59.936115,358.36444,59.936115,
6,499.09326,117.87724,523.09326,117.87724,529.30493,141.05946,519.0133,151.35112,503.17334,151.35112,492.88165,141.05946,
6,448.64886,80.98668,458.94055,70.69502,482.12277,76.90668,482.12268,100.90668,458.94055,107.11833,448.6489,96.826675,
6,47.512802,147.27112,70.69502,141.05946,80.98668,151.35112,80.98668,167.19112,70.69502,177.48277,47.512802,171.27112,
6,188.24168,147.27112,211.4239,141.05946,221.71556,151.35112,221.71556,167.19112,211.4239,177.48277,188.24168,171.27112,
6,147.27112,188.24168,171.27112,188.24168,177.48277,211.4239,167.19112,221.71553,151.35112,221.71553,141.05946,211.42387,
6,96.826675,151.35112,107.11833,141.05946,130.30055,147.27112,130.30055,171.27112,107.11834,177.48274,96.826675,167.19112,
6,141.05946,107.11833,151.35112,96.826675,167.19112,96.826675,177.48277,107.11833,171.27112,130.30055,147.27112,130.30055,
6,328.97055,147.27112,352.15277,141.05946,362.44446,151.35112,362.44443,167.19112,352.15277,177.48277,328.97055,171.27112,
6,288.0,188.24168,312.0,188.24168,318.21167,211.4239,307.91998,221.71553,292.07996,221.71553,281.7883,211.42387,
6,237.55556,151.35112,247.84718,141.05946,271.02942,147.27112,271.02942,171.27112,247.84718,177.48274,237.55556,167.19112,
6,281.7883,107.11833,292.07996,96.826675,307.91998,96.826675,318.21167,107.11833,312.0,130.30055,287.99997,130.30055,
6,469.69943,147.27112,492.88165,141.05946,503.17334,151.35112,503.1733,167.19112,492.88165,177.48277,469.69943,171.27112,
6,428.72888,188.24168,452.72888,188.24168,458.94055,211.4239,448.64886,221.71553,432.8089,221.71553,422.5172,211.42387,
6,378.28442,151.35112,388.5761,141.05946,411.75833,147.27112,411.7583,171.27112,388.5761,177.48274,378.28445,167.19112,
6,422.5172,107.11833,432.80887,96.826675,448.6489,96.826675,458.94055,107.11833,452.72888,130.30055,428.72888,130.30055,
6,519.0133,151.35112,529.30493,141.05946,552.4872,147.27112,552.4872,171.27112,529.30493,177.48274,519.0133,167.19112,
6,117.87724,217.63553,141.05946,211.42387,151.35112,221.71553,151.35112,237.55553,141.05946,247.84718,117.87724,241.63553,
6,76.90668,258.60608,100.90668,258.60608,107.11833,281.7883,96.826675,292.08,80.98668,292.08,70.69502,281.78833,
6,26.462234,221.71553,36.753895,211.4239,59.936115,217.63556,59.93611,241.63553,36.7539,247.84721,26.462236,237.55553,
6,70.69502,177.48277,80.98668,167.19112,96.826675,167.19112,107.11834,177.48274,100.906685,200.66496,76.90668,200.665,
6,258.60608,217.63553,281.7883,211.42387,292.07996,221.71553,292.07996,237.55553,281.7883,247.84718,258.60608,241.63553,
6,217.63553,258.60608,241.63553,258.60608,247.84718,281.7883,237.55556,292.08,221.71556,292.08,211.4239,281.78833,
6,167.19112,221.71553,177.48277,211.4239,200.665,217.63556,200.66496,241.63553,177.48277,247.84721,167.19112,237.55553,
6,211.4239,177.48277,221.71556,167.19112,237.55556,167.19112,247.84718,177.48274,241.63553,200.66496,217.63556,200.665,
6,399.335,217.63553,422.5172,211.42387,432.8089,221.71553,432.80887,237.55553,422.5172,247.84718,399.335,241.63553,
6,358.36444,258.60608,382.36444,258.60608,388.5761,281.7883,378.28442,292.08,362.44446,292.08,352.15277,281.78833,
6,307.91998,221.71553,318.21167,211.4239,341.3939,217.63556,341.39386,241.63553,318.21167,247.84721,307.91998,237.55553,
6,352.15277,177.48277,362.44443,167.19112,378.28445,167.19112,388.5761,177.48274,382.36444,200.66496,358.36444,200.665,
6,540.06384,217.63553,563.2461,211.42387,573.5377,221.71553,573.5377,237.55553,563.2461,247.84718,540.06384,241.63553,
6,499.09326,258.60608,523.09326,258.60608,529.30493,281.7883,519.0133,292.08,503.17334,292.08,492.88165,281.78833,
6,448.64886,221.71553,458.94055,211.4239,482.12277,217.63556,482.12268,241.63553,458.94055,247.84721,448.6489,237.55553,
6,492.88165,177.48277,503.1733,167.19112,519.0133,167.19112,529.30493,177.48274,523.09326,200.66496,499.09332,200.665,
6,47.512802,288.0,70.69502,281.78833,80.98668,292.08,80.98668,307.92,70.69502,318.21167,47.512802,312.0,
6,6.5422363,328.97058,30.542236,328.97055,36.753895,352.15277,26.462234,362.44443,10.622238,362.44443,0.33057785,352.15277,
6,0.33057785,247.84718,10.622236,237.55553,26.462236,237.55553,36.7539,247.84721,30.542244,271.02945,6.5422363,271.02942,
6,188.24168,288.0,211.4239,281.78833,221.71556,292.08,221.71556,307.92,211.4239,318.21167,188.24168,312.0,
6,147.27112,328.97058,171.27112,328.97055,177.48277,352.15277,167.19112,362.44443,151.35112,362.44443,141.05946,352.15277,
6,96.826675,292.08,107.11833,281.7883,130.30055,287.99997,130.30055,312.0,107.11834,318.21167,96.826675,307.92,
6,141.05946,247.84718,151.35112,237.55553,167.19112,237.55553,177.48277,247.84721,171.27112,271.02945,147.27112,271.02942,
6,328.97055,288.0,352.15277,281.78833,362.44446,292.08,362.44443,307.92,352.15277,318.21167,328.97055,312.0,
6,288.0,328.97058,312.0,328.97055,318.21167,352.15277,307.91998,362.44443,292.07996,362.44443,281.7883,352.15277,
6,237.55556,292.08,247.84718,281.7883,271.02942,287.99997,271.02942,312.0,247.84718,318.21167,237.55556,307.92,
6,281.7883,247.84718,292.07996,237.55553,307.91998,237.55553,318.21167,247.84721,312.0,271.02945,287.99997,271.02942,
6,469.69943,288.0,492.88165,281.78833,503.17334,292.08,503.1733,307.92,492.88165,318.21167,469.69943,312.0,
6,428.72888,328.97058,452.72888,328.97055,458.94055,352.15277,448.64886,362.44443,432.8089,362.44443,422.5172,352.15277,
6,378.28442,292.08,388.5761,281.7883,411.75833,287.99997,411.7583,312.0,388.5761,318.21167,378.28445,307.92,
6,422.5172,247.84718,432.80887,237.55553,448.6489,237.55553,458.94055,247.84721,452.72888,271.02945,428.72888,271.02942,
6,569.45776,328.97058,593.45776,328.97055,599.66943,352.15277,589.3777,362.44443,573.5377,362.44443,563.2461,352.15277,
6,519.0133,292.08,529.30493,281.7883,552.4872,287.99997,552.4872,312.0,529.30493,318.21167,519.0133,307.92,
6,563.2461,247.84718,573.5377,237.55553,589.3777,237.55553,599.66943,247.84721,593.45776,271.02945,569.45776,271.02942,
6,117.87724,358.36444,141.05946,352.15277,151.35112,362.44443,151.35112,378.28445,141.05946,388.5761,117.87724,382.36444,
6,76.90668,399.33502,100.90668,399.335,107.11833,422.5172,96.826675,432.80887,80.98668,432.80887,70.69502,422.5172,
6,26.462234,362.44443,36.753895,352.15277,59.936115,358.36444,59.93611,382.36444,36.7539,388.5761,26.462236,378.28445,
6,70.69502,318.21167,80.98668,307.92,96.826675,307.92,107.11834,318.21167,100.906685,341.3939,76.90668,341.3939,
6,258.60608,358.36444,281.7883,352.15277,292.07996,362.44443,292.07996,378.28445,281.7883,388.5761,258.60608,382.36444,
6,217.63553,399.33502,241.63553,399.335,247.84718,422.5172,237.55556,432.80887,221.71556,432.80887,211.4239,422.5172,
6,167.19112,362.44443,177.48277,352.15277,200.665,358.36444,200.66496,382.36444,177.48277,388.5761,167.19112,378.28445,
6,211.4239,318.21167,221.71556,307.92,237.55556,307.92,247.84718,318.21167,241.63553,341.3939,217.63556,341.3939,
6,399.335,358.36444,422.5172,352.15277,432.8089,362.44443,432.80887,378.28445,422.5172,388.5761,399.335,382.36444,
6,358.36444,399.33502,382.36444,399.335,388.5761,422.5172,378.28442,432.80887,362.44446,432.80887,352.15277,422.5172,
6,307.91998,362.44443,318.21167,352.15277,341.3939,358.36444,341.39386,382.36444,318.21167,388.5761,307.91998,378.28445,
6,352.15277,318.21167,362.44443,307.92,378.28445,307.92,388.5761,318.21167,382.36444,341.3939,358.36444,341.3939,
6,540.06384,358.36444,563.2461,352.15277,573.5377,362.44443,573.5377,378.28445,563.2461,388.5761,540.06384,382.36444,
6,499.09326,399.33502,523.09326,399.335,529.30493,422.5172,519.0133,432.80887,503.17334,432.80887,492.88165,422.5172,
6,448.64886,362.44443,458.94055,352.15277,482.12277,358.36444,482.12268,382.36444,458.94055,388.5761,448.6489,378.28445,
6,492.88165,318.21167,503.1733,307.92,519.0133,307.92,529.30493,318.21167,523.09326,341.3939,499.09332,341.3939,
6,47.512802,428.72888,70.69502,422.5172,80.98668,432.80887,80.98668,448.6489,70.69502,458.94055,47.512802,452.72888,
6,188.24168,428.72888,211.4239,422.5172,221.71556,432.80887,221.71556,448.6489,211.4239,458.94055,188.24168,452.72888,
6,147.27112,469.69946,171.27112,469.69943,177.48277,492.88165,167.19112,503.17325,151.35112,503.17325,141.05946,492.8816,
6,96.826675,432.80887,107.11833,422.5172,130.30055,428.72888,130.30055,452.72888,107.11834,458.9405,96.826675,448.6489,
6,141.05946,388.5761,151.35112,378.28445,167.19112,378.28445,177.48277,388.5761,171.27112,411.75833,147.27112,411.75833,
6,328.97055,428.72888,352.15277,422.5172,362.44446,432.80887,362.44443,448.6489,352.15277,458.94055,328.97055,452.72888,
6,288.0,469.69946,312.0,469.69943,318.21167,492.88165,307.91998,503.17325,292.07996,503.17325,281.7883,492.8816,
6,237.55556,432.80887,247.84718,422.5172,271.02942,428.72888,271.02942,452.72888,247.84718,458.9405,237.55556,448.6489,
6,281.7883,388.5761,292.07996,378.28445,307.91998,378.28445,318.21167,388.5761,312.0,411.75833,287.99997,411.75833,
6,469.69943,428.72888,492.88165,422.5172,503.17334,432.80887,503.1733,448.6489,492.88165,458.94055,469.69943,452.72888,
6,428.72888,469.69946,452.72888,469.69943,458.94055,492.88165,448.64886,503.17325,432.8089,503.17325,422.5172,492.8816,
6,378.28442,432.80887,388.5761,422.5172,411.75833,428.72888,411.7583,452.72888,388.5761,458.9405,378.28445,448.6489,
6,422.5172,388.5761,432.80887,378.28445,448.6489,378.28445,458.94055,388.5761,452.72888,411.75833,428.72888,411.75833,
6,519.0133,432.80887,529.30493,422.5172,552.4872,428.72888,552.4872,452.72888,529.30493,458.9405,519.0133,448.6489,
6,117.87724,499.09326,141.05946,492.8816,151.35112,503.17325,151.35112,519.01324,141.05946,529.30493,117.87724,523.09326,
6,70.69502,458.94055,80.98668,448.6489,96.826675,448.6489,107.11834,458.9405,100.906685,482.1227,76.90668,482.12277,
6,258.60608,499.09326,281.7883,492.8816,292.07996,503.17325,292.07996,519.01324,281.7883,529.30493,258.60608,523.09326,
6,217.63553,540.06384,241.63553,540.06384,247.84718,563.2461,237.55556,573.5378,221.71556,573.5378,211.4239,563.2461,
6,167.19112,503.17325,177.48277,492.88165,200.665,499.09332,200.66496,523.09326,177.48277,529.30493,167.19112,519.01324,
6,211.4239,458.94055,221.71556,448.6489,237.55556,448.6489,247.84718,458.9405,241.63553,482.1227,217.63556,482.12277,
6,399.335,499.09326,422.5172,492.8816,432.8089,503.17325,432.80887,519.01324,422.5172,529.30493,399.335,523.09326,
6,358.36444,540.06384,382.36444,540.06384,388.5761,563.2461,378.28442,573.5378,362.44446,573.5378,352.15277,563.2461,
6,307.91998,503.17325,318.21167,492.88165,341.3939,499.09332,341.39386,523.09326,318.21167,529.30493,307.91998,519.01324,
6,352.15277,458.94055,362.44443,448.6489,378.28445,448.6489,388.5761,458.9405,382.36444,482.1227,358.36444,482.12277,
6,448.64886,503.17325,458.94055,492.88165,482.12277,499.09332,482.12268,523.09326,458.94055,529.30493,448.6489,519.01324,
6,492.88165,458.94055,503.1733,448.6489,519.0133,448.6489,529.30493,458.9405,523.09326,482.1227,499.09332,482.12277,
6,141.05946,529.30493,151.35112,519.01324,167.19112,519.01324,177.48277,529.30493,171.27112,552.4872,147.27112,552.4872,
6,328.97055,569.45776,352.15277,563.2461,362.44446,573.5378,362.44443,589.37775,352.15277,599.66943,328.97055,593.45776,
6,237.55556,573.5378,247.84718,563.2461,271.02942,569.45776,271.02942,593.45776,247.84718,599.6693,237.55556,589.37775,
6,281.7883,529.30493,292.07996,519.01324,307.91998,519.01324,318.21167,529.30493,312.0,552.4872,287.99997,552.4872,
6,422.5172,529.30493,432.80887,519.01324,448.6489,519.01324,458.94055,529.30493,452.72888,552.4872,428.72888,552.4872,
