4, 300.0, 300.0, 325.22803, 291.80292, 339.05264, 300.0, 325.22803, 308.19708, 
4, 300.0, 300.0, 325.22803, 308.19708, 331.59424, 322.95456, 315.59177, 321.46024, 
4, 300.0, 300.0, 315.59177, 321.46024, 312.06793, 337.14127, 300.0, 326.5263, 
4, 300.0, 300.0, 300.0, 326.5263, 287.93207, 337.14127, 284.40823, 321.46024, 
4, 300.0, 300.0, 284.40823, 321.46024, 268.40576, 322.95456, 274.77197, 308.19708, 
4, 300.0, 300.0, 274.77197, 308.19708, 260.94736, 300.0, 274.77197, 291.80292, 
4, 300.0, 300.0, 274.77197, 291.80292, 268.40576, 277.04544, 284.40823, 278.53976, 
4, 300.0, 300.0, 284.4082, 278.53976, 287.93207, 262.85873, 300.0, 273.4737, 
4, 300.0, 300.0, 300.0, 273.4737, 312.06793, 262.85873, 315.5918, 278.53976, 
4, 300.0, 300.0, 315.5918, 278.53976, 331.59424, 277.04544, 325.22803, 291.80292, 
4, 325.22803, 308.19708, 339.05264, 300.0, 349.0545, 315.93878, 331.59424, 322.95456, 
4, 315.59177, 321.46024, 331.59424, 322.95456, 330.31735, 341.72824, 312.06793, 337.14127, 
4, 300.0, 326.5263, 312.06793, 337.14127, 300.0, 351.57895, 287.93207, 337.14127, 
4, 284.40823, 321.46024, 287.93207, 337.14127, 269.68265, 341.72824, 268.40576, 322.95456, 
4, 274.77197, 308.19708, 268.40576, 322.95456, 250.9455, 315.93875, 260.94736, 300.0, 
4, 274.77197, 291.80292, 260.94736, 300.0, 250.9455, 284.06122, 268.40576, 277.04544, 
4, 284.40823, 278.53976, 268.40576, 277.04544, 269.68268, 258.27176, 287.9321, 262.85873, 
4, 300.0, 273.4737, 287.93207, 262.85873, 300.0, 248.42105, 312.06793, 262.85873, 
4, 315.5918, 278.53976, 312.06793, 262.85873, 330.31735, 258.27176, 331.59424, 277.04544, 
4, 325.22803, 291.80292, 331.59424, 277.04544, 349.0545, 284.06125, 339.05264, 300.00003, 
4, 339.05264, 300.0, 349.0545, 284.06122, 364.10526, 300.0, 349.0545, 315.93878, 
4, 331.59424, 322.95456, 349.0545, 315.93878, 351.86224, 337.6801, 330.31735, 341.72824, 
4, 312.06793, 337.14127, 330.31735, 341.72824, 319.8096, 360.9677, 300.0, 351.57895, 
4, 287.93207, 337.14127, 300.0, 351.57895, 280.19037, 360.9677, 269.68265, 341.72824, 
4, 268.40576, 322.95456, 269.68265, 341.72824, 248.13776, 337.6801, 250.9455, 315.93875, 
4, 260.94736, 300.0, 250.9455, 315.93875, 235.89474, 300.0, 250.9455, 284.06122, 
4, 268.40576, 277.04544, 250.9455, 284.06122, 248.13776, 262.31985, 269.68268, 258.27176, 
4, 287.93207, 262.85873, 269.68265, 258.27176, 280.19037, 239.03227, 300.0, 248.42105, 
4, 312.06793, 262.85873, 300.0, 248.42105, 319.80963, 239.03227, 330.31735, 258.27176, 
4, 331.59424, 277.04544, 330.31735, 258.27176, 351.86227, 262.3199, 349.0545, 284.06125, 
4, 349.0545, 315.93878, 364.10526, 300.0, 372.88095, 323.68045, 351.86224, 337.6801, 
4, 330.31735, 341.72824, 351.86224, 337.6801, 345.0429, 361.99625, 319.8096, 360.9677, 
4, 300.0, 351.57895, 319.8096, 360.9677, 300.0, 376.6316, 280.19037, 360.9677, 
4, 269.68265, 341.72824, 280.1904, 360.9677, 254.95709, 361.99625, 248.13776, 337.6801, 
4, 250.9455, 315.93875, 248.13776, 337.6801, 227.11903, 323.68045, 235.89474, 299.99997, 
4, 250.9455, 284.06122, 235.89474, 300.0, 227.11905, 276.31955, 248.13776, 262.31985, 
4, 269.68268, 258.27176, 248.13776, 262.31985, 254.9571, 238.00374, 280.1904, 239.03227, 
4, 300.0, 248.42105, 280.19037, 239.03227, 300.0, 223.36842, 319.80963, 239.03227, 
4, 330.31735, 258.27176, 319.80963, 239.03227, 345.04294, 238.00377, 351.86227, 262.3199, 
4, 349.0545, 284.06125, 351.86227, 262.3199, 372.88098, 276.31958, 364.10526, 300.00003, 
4, 364.10526, 300.0, 372.88095, 276.31955, 389.1579, 300.0, 372.88095, 323.68045, 
4, 351.86224, 337.6801, 372.88095, 323.68045, 372.13025, 352.4057, 345.0429, 361.99625, 
4, 319.8096, 360.9677, 345.0429, 361.99625, 327.5513, 384.7942, 300.0, 376.6316, 
4, 280.19037, 360.9677, 300.0, 376.6316, 272.4487, 384.7942, 254.95709, 361.99625, 
4, 248.13776, 337.6801, 254.95709, 361.99625, 227.86974, 352.4057, 227.11903, 323.68045, 
4, 235.89474, 300.0, 227.11903, 323.68045, 210.8421, 300.0, 227.11905, 276.31955, 
4, 248.13776, 262.31985, 227.11905, 276.31955, 227.86975, 247.5943, 254.9571, 238.00374, 
4, 280.19037, 239.03227, 254.95708, 238.00377, 272.4487, 215.20581, 300.0, 223.36842, 
4, 319.80963, 239.03227, 300.0, 223.36842, 327.55133, 215.20581, 345.04294, 238.00377, 
4, 351.86227, 262.3199, 345.04294, 238.00377, 372.13028, 247.59433, 372.88098, 276.31958, 
4, 372.88095, 323.68045, 389.1579, 300.0, 396.70743, 331.42215, 372.13025, 352.4057, 
4, 345.0429, 361.99625, 372.13025, 352.4057, 359.7685, 382.26425, 327.5513, 384.7942, 
4, 300.0, 376.6316, 327.5513, 384.7942, 300.0, 401.6842, 272.4487, 384.7942, 
4, 254.95709, 361.99625, 272.4487, 384.7942, 240.23152, 382.26425, 227.86974, 352.4057, 
4, 227.11903, 323.68045, 227.86974, 352.4057, 203.29256, 331.42212, 210.8421, 299.99997, 
4, 227.11905, 276.31955, 210.8421, 300.0, 203.29257, 268.57785, 227.86975, 247.5943, 
4, 254.9571, 238.00374, 227.86975, 247.5943, 240.23154, 217.73573, 272.44873, 215.2058, 
4, 300.0, 223.36842, 272.4487, 215.20581, 300.0, 198.3158, 327.55133, 215.20581, 
4, 345.04294, 238.00377, 327.55133, 215.20581, 359.7685, 217.73576, 372.13028, 247.59433, 
4, 372.88098, 276.31958, 372.13028, 247.59433, 396.70746, 268.5779, 389.1579, 300.00006, 
4, 389.1579, 300.0, 396.70743, 268.57785, 414.2105, 300.0, 396.70743, 331.42215, 
4, 372.13025, 352.4057, 396.70743, 331.42215, 392.39825, 367.13126, 359.7685, 382.26425, 
4, 327.5513, 384.7942, 359.7685, 382.26425, 335.293, 408.62067, 300.0, 401.6842, 
4, 272.4487, 384.7942, 300.0, 401.6842, 264.707, 408.62067, 240.23152, 382.26425, 
4, 227.86974, 352.4057, 240.23152, 382.26425, 207.60175, 367.13126, 203.29256, 331.42212, 
4, 210.8421, 300.0, 203.29256, 331.42212, 185.78947, 300.0, 203.29257, 268.57785, 
4, 227.86975, 247.5943, 203.29257, 268.57785, 207.60175, 232.86871, 240.23154, 217.73573, 
4, 272.4487, 215.20581, 240.2315, 217.73576, 264.707, 191.37933, 300.0, 198.3158, 
4, 327.55133, 215.20581, 300.0, 198.3158, 335.293, 191.37933, 359.7685, 217.73576, 
4, 372.13028, 247.59433, 359.7685, 217.73576, 392.3983, 232.86877, 396.70746, 268.5779, 
4, 396.70743, 331.42215, 414.2105, 300.0, 420.5339, 339.16385, 392.39825, 367.13126, 
4, 359.7685, 382.26425, 392.39825, 367.13126, 374.49405, 402.53226, 335.293, 408.62067, 
4, 300.0, 401.6842, 335.293, 408.62067, 300.0, 426.73685, 264.707, 408.62067, 
4, 240.23152, 382.26425, 264.707, 408.62067, 225.50597, 402.53226, 207.60175, 367.13126, 
4, 203.29256, 331.42212, 207.60175, 367.13126, 179.4661, 339.16382, 185.78947, 299.99997, 
4, 203.29257, 268.57785, 185.78947, 300.00003, 179.4661, 260.83618, 207.60175, 232.86871, 
4, 240.23154, 217.73573, 207.60175, 232.86871, 225.50598, 197.46773, 264.70703, 191.37933, 
4, 300.0, 198.3158, 264.707, 191.37933, 300.0, 173.26315, 335.293, 191.37933, 
4, 359.7685, 217.73576, 335.293, 191.37933, 374.49408, 197.46777, 392.3983, 232.86877, 
4, 396.70746, 268.5779, 392.3983, 232.86877, 420.5339, 260.83624, 414.2105, 300.00006, 
4, 414.2105, 300.0, 420.5339, 260.83615, 439.26315, 300.0, 420.5339, 339.16385, 
4, 392.39825, 367.13126, 420.5339, 339.16385, 412.66626, 381.8568, 374.49405, 402.53226, 
4, 335.293, 408.62067, 374.49405, 402.53226, 343.03467, 432.44714, 300.0, 426.73685, 
4, 264.707, 408.62067, 300.0, 426.73685, 256.9653, 432.44714, 225.50597, 402.53226, 
4, 207.60175, 367.13126, 225.50597, 402.53226, 187.33374, 381.8568, 179.4661, 339.16382, 
4, 185.78947, 300.0, 179.4661, 339.16382, 160.73685, 300.0, 179.4661, 260.83618, 
4, 207.60175, 232.86871, 179.4661, 260.83618, 187.33374, 218.14316, 225.50598, 197.46773, 
4, 264.707, 191.37933, 225.50594, 197.46777, 256.9653, 167.55287, 300.0, 173.26315, 
4, 335.293, 191.37933, 300.0, 173.26315, 343.0347, 167.55287, 374.49408, 197.46777, 
4, 392.3983, 232.86877, 374.49408, 197.46777, 412.6663, 218.14322, 420.5339, 260.83624, 
4, 420.5339, 339.16385, 439.26315, 300.0, 444.36035, 346.90552, 412.66626, 381.8568, 
4, 374.49405, 402.53226, 412.66626, 381.8568, 389.2196, 422.80026, 343.03467, 432.44714, 
4, 300.0, 426.73685, 343.03467, 432.44714, 300.0, 451.7895, 256.9653, 432.44714, 
4, 225.50597, 402.53226, 256.96533, 432.44714, 210.7804, 422.80026, 187.33374, 381.8568, 
4, 179.4661, 339.16382, 187.33374, 381.8568, 155.63962, 346.9055, 160.73685, 299.99997, 
4, 179.4661, 260.83618, 160.73685, 300.00003, 155.63963, 253.09448, 187.33374, 218.14316, 
4, 225.50598, 197.46773, 187.33374, 218.14316, 210.78041, 177.1997, 256.96536, 167.55286, 
4, 300.0, 173.26315, 256.9653, 167.55287, 300.0, 148.21053, 343.0347, 167.55287, 
4, 374.49408, 197.46777, 343.0347, 167.55287, 389.21967, 177.19977, 412.6663, 218.14322, 
4, 420.5339, 260.83624, 412.6663, 218.14322, 444.3604, 253.09454, 439.26315, 300.0001, 
4, 439.26315, 300.0, 444.36035, 253.09447, 464.3158, 300.0, 444.36035, 346.90552, 
4, 412.66626, 381.8568, 444.36035, 346.90552, 432.93427, 396.5824, 389.2196, 422.80026, 
4, 343.03467, 432.44714, 389.2196, 422.80026, 350.77637, 456.27362, 300.0, 451.7895, 
4, 256.9653, 432.44714, 300.0, 451.7895, 249.22362, 456.27362, 210.7804, 422.80026, 
4, 187.33374, 381.8568, 210.7804, 422.80026, 167.06572, 396.5824, 155.63962, 346.9055, 
4, 160.73685, 300.0, 155.63962, 346.9055, 135.6842, 300.0, 155.63963, 253.09448, 
4, 187.33374, 218.14316, 155.63963, 253.09448, 167.06573, 203.41757, 210.78041, 177.1997, 
4, 256.9653, 167.55287, 210.78036, 177.19977, 249.2236, 143.7264, 300.0, 148.21053, 
4, 343.0347, 167.55287, 300.0, 148.21053, 350.7764, 143.7264, 389.21967, 177.19977, 
4, 412.6663, 218.14322, 389.21967, 177.19977, 432.93433, 203.41765, 444.3604, 253.09454, 
4, 444.36035, 346.90552, 464.3158, 300.0, 468.18683, 354.64722, 432.93427, 396.5824, 
4, 389.2196, 422.80026, 432.93427, 396.5824, 403.9452, 443.06827, 350.77637, 456.27362, 
4, 300.0, 451.7895, 350.77637, 456.27362, 300.0, 476.8421, 249.22362, 456.27362, 
4, 210.7804, 422.80026, 249.22363, 456.27362, 196.05484, 443.06827, 167.06572, 396.5824, 
4, 155.63962, 346.9055, 167.06572, 396.5824, 131.81316, 354.6472, 135.6842, 299.99994, 
4, 155.63963, 253.09448, 135.6842, 300.00003, 131.81316, 245.35278, 167.06573, 203.41757, 
4, 210.78041, 177.1997, 167.06573, 203.41757, 196.05486, 156.93172, 249.22368, 143.72638, 
4, 300.0, 148.21053, 249.2236, 143.7264, 300.0, 123.1579, 350.7764, 143.7264, 
4, 389.21967, 177.19977, 350.7764, 143.7264, 403.94522, 156.93176, 432.93433, 203.41765, 
4, 444.3604, 253.09454, 432.93433, 203.41765, 468.18686, 245.35287, 464.3158, 300.00012, 
4, 464.3158, 300.0, 468.18683, 245.35278, 489.3684, 300.0, 468.18683, 354.64722, 
4, 432.93427, 396.5824, 468.18683, 354.64722, 453.20227, 411.30798, 403.9452, 443.06827, 
4, 350.77637, 456.27362, 403.9452, 443.06827, 358.51807, 480.1001, 300.0, 476.8421, 
4, 249.22362, 456.27362, 300.0, 476.8421, 241.48193, 480.10007, 196.05484, 443.06827, 
4, 167.06572, 396.5824, 196.05484, 443.06827, 146.79771, 411.30795, 131.81316, 354.6472, 
4, 135.6842, 300.0, 131.81316, 354.6472, 110.63158, 299.99997, 131.81316, 245.35278, 
4, 167.06573, 203.41757, 131.81316, 245.35278, 146.79773, 188.69202, 196.05486, 156.93172, 
4, 249.2236, 143.7264, 196.05478, 156.93176, 241.48192, 119.89993, 300.0, 123.1579, 
4, 350.7764, 143.7264, 300.0, 123.1579, 358.5181, 119.89993, 403.94522, 156.93176, 
4, 432.93433, 203.41765, 403.94522, 156.93176, 453.20233, 188.6921, 468.18686, 245.35287, 
4, 468.18683, 354.64722, 489.3684, 300.0, 492.0133, 362.38892, 453.20227, 411.30798, 
4, 403.9452, 443.06827, 453.20227, 411.30798, 418.67075, 463.33627, 358.51807, 480.1001, 
4, 300.0, 476.8421, 358.51807, 480.1001, 300.0, 501.8947, 241.48193, 480.10007, 
4, 196.05484, 443.06827, 241.48195, 480.1001, 181.32927, 463.33627, 146.79771, 411.30795, 
4, 131.81316, 354.6472, 146.79771, 411.30795, 107.98668, 362.38885, 110.63158, 299.99994, 
4, 131.81316, 245.35278, 110.63158, 300.00003, 107.986694, 237.6111, 146.79773, 188.69202, 
4, 196.05486, 156.93172, 146.79773, 188.69202, 181.32928, 136.66371, 241.48201, 119.89992, 
4, 300.0, 123.1579, 241.48192, 119.89993, 300.0, 98.10527, 358.5181, 119.89993, 
4, 403.94522, 156.93176, 358.5181, 119.89993, 418.67078, 136.66377, 453.20233, 188.6921, 
4, 468.18686, 245.35287, 453.20233, 188.6921, 492.0133, 237.6112, 489.3684, 300.00012, 
4, 489.3684, 300.0, 492.0133, 237.6111, 514.421, 300.0, 492.0133, 362.38892, 
4, 453.20227, 411.30798, 492.0133, 362.38892, 473.47028, 426.03354, 418.67075, 463.33627, 
4, 358.51807, 480.1001, 418.67075, 463.33627, 366.25974, 503.92654, 300.0, 501.8947, 
4, 241.48193, 480.10007, 300.0, 501.8947, 233.74023, 503.9265, 181.32927, 463.33627, 
4, 146.79771, 411.30795, 181.32927, 463.33627, 126.52971, 426.0335, 107.98668, 362.38885, 
4, 110.63158, 299.99997, 107.98668, 362.38885, 85.57895, 299.99997, 107.986694, 237.6111, 
4, 146.79773, 188.69202, 107.986694, 237.6111, 126.52974, 173.96645, 181.32928, 136.66371, 
4, 241.48192, 119.89993, 181.32922, 136.66377, 233.74023, 96.07347, 300.0, 98.10527, 
4, 358.5181, 119.89993, 300.0, 98.10527, 366.25977, 96.07347, 418.67078, 136.66377, 
4, 453.20233, 188.6921, 418.67078, 136.66377, 473.47034, 173.96654, 492.0133, 237.6112, 
4, 492.0133, 362.38892, 514.421, 300.0, 515.8398, 370.1306, 473.47028, 426.03354, 
4, 418.67075, 463.33627, 473.47028, 426.03354, 433.3963, 483.60428, 366.25974, 503.92654, 
4, 300.0, 501.8947, 366.25974, 503.92654, 300.0, 526.9474, 233.74023, 503.9265, 
4, 181.32927, 463.33627, 233.74026, 503.92654, 166.6037, 483.60428, 126.52971, 426.0335, 
4, 107.98668, 362.38885, 126.52971, 426.0335, 84.1602, 370.13055, 85.57895, 299.99994, 
4, 107.986694, 237.6111, 85.57895, 300.00003, 84.16022, 229.86942, 126.52974, 173.96645, 
4, 181.32928, 136.66371, 126.52974, 173.96645, 166.60373, 116.39569, 233.74033, 96.07344, 
4, 300.0, 98.10527, 233.74023, 96.07347, 300.0, 73.05263, 366.25977, 96.07347, 
4, 418.67078, 136.66377, 366.25977, 96.07347, 433.39636, 116.39575, 473.47034, 173.96654, 
4, 492.0133, 237.6112, 473.47034, 173.96654, 515.83984, 229.8695, 514.421, 300.00015, 
4, 514.421, 300.0, 515.8398, 229.8694, 539.4737, 300.0, 515.8398, 370.1306, 
4, 473.47028, 426.03354, 515.8398, 370.1306, 493.73828, 440.7591, 433.3963, 483.60428, 
4, 366.25974, 503.92654, 433.3963, 483.60428, 374.00143, 527.753, 300.0, 526.9474, 
4, 233.74023, 503.9265, 300.0, 526.9474, 225.99857, 527.753, 166.6037, 483.60428, 
4, 126.52971, 426.0335, 166.6037, 483.60428, 106.2617, 440.7591, 84.1602, 370.13055, 
4, 85.57895, 299.99997, 84.1602, 370.13055, 60.52632, 299.99997, 84.16022, 229.86942, 
4, 126.52974, 173.96645, 84.16022, 229.86942, 106.261734, 159.24088, 166.60373, 116.39569, 
4, 233.74023, 96.07347, 166.60364, 116.39575, 225.99854, 72.24701, 300.0, 73.05263, 
4, 366.25977, 96.07347, 300.0, 73.05263, 374.00146, 72.24701, 433.39636, 116.39575, 
4, 473.47034, 173.96654, 433.39636, 116.39575, 493.73834, 159.24098, 515.83984, 229.8695, 
4, 515.8398, 370.1306, 539.4737, 300.0, 539.66626, 377.87228, 493.73828, 440.7591, 
4, 433.3963, 483.60428, 493.73828, 440.7591, 448.1219, 503.87228, 374.00143, 527.753, 
4, 300.0, 526.9474, 374.00143, 527.753, 300.0, 552.0, 225.99857, 527.753, 
4, 166.6037, 483.60428, 225.99857, 527.753, 151.87813, 503.87228, 106.2617, 440.7591, 
4, 84.1602, 370.13055, 106.2617, 440.7591, 60.33374, 377.87222, 60.52632, 299.9999, 
4, 84.16022, 229.86942, 60.52632, 300.00003, 60.333755, 222.12772, 106.261734, 159.24088, 
4, 166.60373, 116.39569, 106.261734, 159.24088, 151.87816, 96.127686, 225.99866, 72.24698, 
4, 300.0, 73.05263, 225.99854, 72.24701, 300.0, 48.0, 374.00146, 72.24701, 
4, 433.39636, 116.39575, 374.00146, 72.24701, 448.12195, 96.12776, 493.73834, 159.24098, 
4, 515.83984, 229.8695, 493.73834, 159.24098, 539.66626, 222.12784, 539.4737, 300.00015, 
4, 539.4737, 300.0, 539.66626, 222.12772, 564.5263, 300.0, 539.66626, 377.87228, 
4, 493.73828, 440.7591, 539.66626, 377.87228, 514.0063, 455.48468, 448.1219, 503.87228, 
4, 374.00143, 527.753, 448.1219, 503.87228, 381.7431, 551.57947, 300.0, 552.0, 
4, 225.99857, 527.753, 300.0, 552.0, 218.25687, 551.57947, 151.87813, 503.87228, 
4, 106.2617, 440.7591, 151.87813, 503.87228, 85.9937, 455.48465, 60.33374, 377.87222, 
4, 60.52632, 299.99997, 60.33374, 377.87222, 35.473694, 299.99997, 60.333755, 222.12772, 
4, 106.261734, 159.24088, 60.333755, 222.12772, 85.993744, 144.5153, 151.87816, 96.127686, 
4, 225.99854, 72.24701, 151.87807, 96.12776, 218.25685, 48.420547, 300.0, 48.0, 
4, 374.00146, 72.24701, 300.0, 48.0, 381.74316, 48.420547, 448.12195, 96.12776, 
4, 493.73834, 159.24098, 448.12195, 96.12776, 514.00635, 144.51543, 539.66626, 222.12784,
