3,159.19598,115.882256,181.8234,99.882256,181.8234,131.88226,
3,204.4508,115.882256,181.8234,99.882256,181.8234,131.88226,
3,181.8234,99.882256,165.8234,77.25484,197.8234,77.25484,
3,181.8234,131.88226,165.8234,154.50967,197.8234,154.50967,
4,159.19598,115.882256,143.19598,93.25484,165.8234,77.25484,181.8234,99.882256,
4,204.4508,115.882256,220.4508,93.25484,197.8234,77.25484,181.8234,99.882256,
4,159.19598,115.882256,143.19598,138.50967,165.8234,154.50967,181.8234,131.88226,
4,204.4508,115.882256,220.4508,138.50967,197.8234,154.50967,181.8234,131.88226,
3,197.8234,77.25484,220.4508,61.254837,220.4508,93.25484,
3,243.07822,77.25484,220.4508,61.254837,220.4508,93.25484,
3,220.4508,61.254837,204.4508,38.62742,236.4508,38.62742,
3,220.4508,93.25484,204.4508,115.882256,236.4508,115.882256,
4,197.8234,77.25484,181.8234,54.62742,204.4508,38.62742,220.4508,61.254837,
4,243.07822,77.25484,259.07822,54.62742,236.4508,38.62742,220.4508,61.254837,
4,243.07822,77.25484,259.07822,99.882256,236.4508,115.882256,220.4508,93.25484,
3,236.4508,115.882256,259.07822,99.882256,259.07822,131.88226,
3,281.70563,115.882256,259.07822,99.882256,259.07822,131.88226,
3,259.07822,99.882256,243.07822,77.25484,275.07822,77.25484,
3,259.07822,131.88226,243.07822,154.50967,275.07822,154.50967,
4,281.70563,115.882256,297.70563,93.25484,275.07822,77.25484,259.07822,99.882256,
4,236.4508,115.882256,220.4508,138.50967,243.07822,154.50967,259.07822,131.88226,
4,281.70563,115.882256,297.70563,138.50967,275.07822,154.50967,259.07822,131.88226,
3,275.07822,77.25484,297.70563,61.254837,297.70563,93.25484,
3,320.33304,77.25484,297.70563,61.254837,297.70563,93.25484,
3,297.70563,61.254837,281.70563,38.62742,313.70563,38.62742,
3,297.70563,93.25484,281.70563,115.882256,313.70563,115.882256,
4,275.07822,77.25484,259.07822,54.62742,281.70563,38.62742,297.70563,61.254837,
4,320.33304,77.25484,336.33304,54.62742,313.70563,38.62742,297.70563,61.254837,
4,320.33304,77.25484,336.33304,99.882256,313.70563,115.882256,297.70563,93.25484,
3,313.70563,115.882256,336.33304,99.882256,336.33304,131.88226,
3,358.96045,115.882256,336.33304,99.882256,336.33304,131.88226,
3,336.33304,99.882256,320.33304,77.25484,352.33304,77.25484,
3,336.33304,131.88226,320.33304,154.50967,352.33304,154.50967,
4,358.96045,115.882256,374.96045,93.25484,352.33304,77.25484,336.33304,99.882256,
4,313.70563,115.882256,297.70563,138.50967,320.33304,154.50967,336.33304,131.88226,
4,358.96045,115.882256,374.96045,138.50967,352.33304,154.50967,336.33304,131.88226,
3,352.33304,77.25484,374.96045,61.254837,374.96045,93.25484,
3,397.58786,77.25484,374.96045,61.254837,374.96045,93.25484,
3,374.96045,61.254837,358.96045,38.62742,390.96045,38.62742,
3,374.96045,93.25484,358.96045,115.882256,390.96045,115.882256,
4,352.33304,77.25484,336.33304,54.62742,358.96045,38.62742,374.96045,61.254837,
4,397.58786,77.25484,413.58786,54.62742,390.96045,38.62742,374.96045,61.254837,
4,397.58786,77.25484,413.58786,99.882256,390.96045,115.882256,374.96045,93.25484,
3,390.96045,115.882256,413.58786,99.882256,413.58786,131.88226,
3,436.21527,115.882256,413.58786,99.882256,413.58786,131.88226,
3,413.58786,99.882256,397.58786,77.25484,429.58786,77.25484,
3,413.58786,131.88226,397.58786,154.50967,429.58786,154.50967,
4,436.21527,115.882256,452.21527,93.25484,429.58786,77.25484,413.58786,99.882256,
4,390.96045,115.882256,374.96045,138.50967,397.58786,154.50967,413.58786,131.88226,
4,436.21527,115.882256,452.21527,138.50967,429.58786,154.50967,413.58786,131.88226,
3,81.94113,193.13708,104.56855,177.13708,104.56855,209.13708,
3,127.19597,193.13708,104.56855,177.13708,104.56855,209.13708,
3,104.56855,177.13708,88.56855,154.50967,120.56855,154.50967,
3,104.56855,209.13708,88.56855,231.7645,120.56855,231.7645,
4,81.94113,193.13708,65.94113,170.50967,88.56855,154.50967,104.56855,177.13708,
4,127.19597,193.13708,143.19597,170.50967,120.56855,154.50967,104.56855,177.13708,
4,81.94113,193.13708,65.94113,215.7645,88.56855,231.7645,104.56855,209.13708,
4,127.19597,193.13708,143.19597,215.7645,120.56855,231.7645,104.56855,209.13708,
3,120.56855,154.50967,143.19597,138.50967,143.19597,170.50967,
3,165.82338,154.50967,143.19597,138.50967,143.19597,170.50967,
3,143.19597,138.50967,127.19597,115.882256,159.19597,115.882256,
3,143.19597,170.50967,127.19597,193.13708,159.19597,193.13708,
4,120.56855,154.50967,104.56855,131.88226,127.19597,115.882256,143.19597,138.50967,
4,165.82338,154.50967,181.8234,177.13708,159.19597,193.13708,143.19597,170.50967,
3,159.19598,193.13708,181.8234,177.13708,181.8234,209.13708,
3,204.4508,193.13708,181.8234,177.13708,181.8234,209.13708,
3,181.8234,177.13708,165.8234,154.50967,197.8234,154.50967,
3,181.8234,209.13708,165.8234,231.7645,197.8234,231.7645,
4,204.4508,193.13708,220.4508,170.50967,197.8234,154.50967,181.8234,177.13708,
4,159.19598,193.13708,143.19598,215.7645,165.8234,231.7645,181.8234,209.13708,
4,204.4508,193.13708,220.4508,215.7645,197.8234,231.7645,181.8234,209.13708,
3,197.8234,154.50967,220.4508,138.50967,220.4508,170.50967,
3,243.07822,154.50967,220.4508,138.50967,220.4508,170.50967,
3,220.4508,138.50967,204.4508,115.882256,236.4508,115.882256,
3,220.4508,170.50967,204.4508,193.13708,236.4508,193.13708,
4,243.07822,154.50967,259.07822,177.13708,236.4508,193.13708,220.4508,170.50967,
3,236.4508,193.13708,259.07822,177.13708,259.07822,209.13708,
3,281.70563,193.13708,259.07822,177.13708,259.07822,209.13708,
3,259.07822,177.13708,243.07822,154.50967,275.07822,154.50967,
3,259.07822,209.13708,243.07822,231.7645,275.07822,231.7645,
4,281.70563,193.13708,297.70563,170.50967,275.07822,154.50967,259.07822,177.13708,
4,236.4508,193.13708,220.4508,215.7645,243.07822,231.7645,259.07822,209.13708,
4,281.70563,193.13708,297.70563,215.7645,275.07822,231.7645,259.07822,209.13708,
3,275.07822,154.50967,297.70563,138.50967,297.70563,170.50967,
3,320.33304,154.50967,297.70563,138.50967,297.70563,170.50967,
3,297.70563,138.50967,281.70563,115.882256,313.70563,115.882256,
3,297.70563,170.50967,281.70563,193.13708,313.70563,193.13708,
4,320.33304,154.50967,336.33304,177.13708,313.70563,193.13708,297.70563,170.50967,
3,313.70563,193.13708,336.33304,177.13708,336.33304,209.13708,
3,358.96045,193.13708,336.33304,177.13708,336.33304,209.13708,
3,336.33304,177.13708,320.33304,154.50967,352.33304,154.50967,
3,336.33304,209.13708,320.33304,231.7645,352.33304,231.7645,
4,358.96045,193.13708,374.96045,170.50967,352.33304,154.50967,336.33304,177.13708,
4,313.70563,193.13708,297.70563,215.7645,320.33304,231.7645,336.33304,209.13708,
4,358.96045,193.13708,374.96045,215.7645,352.33304,231.7645,336.33304,209.13708,
3,352.33304,154.50967,374.96045,138.50967,374.96045,170.50967,
3,397.58786,154.50967,374.96045,138.50967,374.96045,170.50967,
3,374.96045,138.50967,358.96045,115.882256,390.96045,115.882256,
3,374.96045,170.50967,358.96045,193.13708,390.96045,193.13708,
4,397.58786,154.50967,413.58786,177.13708,390.96045,193.13708,374.96045,170.50967,
3,390.96045,193.13708,413.58786,177.13708,413.58786,209.13708,
3,436.21527,193.13708,413.58786,177.13708,413.58786,209.13708,
3,413.58786,177.13708,397.58786,154.50967,429.58786,154.50967,
3,413.58786,209.13708,397.58786,231.7645,429.58786,231.7645,
4,436.21527,193.13708,452.21527,170.50967,429.58786,154.50967,413.58786,177.13708,
4,390.96045,193.13708,374.96045,215.7645,397.58786,231.7645,413.58786,209.13708,
4,436.21527,193.13708,452.21527,215.7645,429.58786,231.7645,413.58786,209.13708,
3,429.5879,154.50967,452.2153,138.50967,452.2153,170.50967,
3,474.8427,154.50967,452.2153,138.50967,452.2153,170.50967,
3,452.2153,138.50967,436.2153,115.882256,468.2153,115.882256,
3,452.2153,170.50967,436.2153,193.13708,468.2153,193.13708,
4,474.8427,154.50967,490.8427,131.88226,468.2153,115.882256,452.2153,138.50967,
4,474.8427,154.50967,490.8427,177.13708,468.2153,193.13708,452.2153,170.50967,
3,468.2153,193.13708,490.8427,177.13708,490.8427,209.13708,
3,513.47015,193.13708,490.8427,177.13708,490.8427,209.13708,
3,490.8427,177.13708,474.8427,154.50967,506.8427,154.50967,
3,490.8427,209.13708,474.8427,231.7645,506.8427,231.7645,
4,513.47015,193.13708,529.47015,170.50967,506.8427,154.50967,490.8427,177.13708,
4,468.2153,193.13708,452.2153,215.7645,474.8427,231.7645,490.8427,209.13708,
4,513.47015,193.13708,529.47015,215.7645,506.8427,231.7645,490.8427,209.13708,
3,43.313713,231.76451,65.94113,215.76451,65.94113,247.76451,
3,88.56855,231.76451,65.94113,215.76451,65.94113,247.76451,
3,65.94113,215.76451,49.94113,193.13708,81.94113,193.13708,
3,65.94113,247.76451,49.94113,270.39194,81.94113,270.39194,
4,43.313713,231.76451,27.313713,209.1371,49.94113,193.13708,65.94113,215.76451,
4,43.313713,231.76451,27.313713,254.39192,49.94113,270.39194,65.94113,247.76451,
4,88.56855,231.76451,104.56855,254.39192,81.94113,270.39194,65.94113,247.76451,
3,81.94113,270.39194,104.56855,254.39194,104.56855,286.39194,
3,127.19597,270.39194,104.56855,254.39194,104.56855,286.39194,
3,104.56855,254.39194,88.56855,231.76453,120.56855,231.76453,
3,104.56855,286.39194,88.56855,309.01935,120.56855,309.01935,
4,127.19597,270.39194,143.19597,247.76453,120.56855,231.76453,104.56855,254.39194,
4,81.94113,270.39194,65.94113,293.01935,88.56855,309.01935,104.56855,286.39194,
4,127.19597,270.39194,143.19597,293.01935,120.56855,309.01935,104.56855,286.39194,
3,120.56855,231.76451,143.19597,215.76451,143.19597,247.76451,
3,165.82338,231.76451,143.19597,215.76451,143.19597,247.76451,
3,143.19597,215.76451,127.19597,193.13708,159.19597,193.13708,
3,143.19597,247.76451,127.19597,270.39194,159.19597,270.39194,
4,165.82338,231.76451,181.8234,254.39192,159.19597,270.39194,143.19597,247.76451,
3,159.19598,270.39194,181.8234,254.39194,181.8234,286.39194,
3,204.4508,270.39194,181.8234,254.39194,181.8234,286.39194,
3,181.8234,254.39194,165.8234,231.76453,197.8234,231.76453,
3,181.8234,286.39194,165.8234,309.01935,197.8234,309.01935,
4,204.4508,270.39194,220.4508,247.76453,197.8234,231.76453,181.8234,254.39194,
4,159.19598,270.39194,143.19598,293.01935,165.8234,309.01935,181.8234,286.39194,
4,204.4508,270.39194,220.4508,293.01935,197.8234,309.01935,181.8234,286.39194,
3,197.8234,231.76451,220.4508,215.76451,220.4508,247.76451,
3,243.07822,231.76451,220.4508,215.76451,220.4508,247.76451,
3,220.4508,215.76451,204.4508,193.13708,236.4508,193.13708,
3,220.4508,247.76451,204.4508,270.39194,236.4508,270.39194,
4,243.07822,231.76451,259.07822,254.39192,236.4508,270.39194,220.4508,247.76451,
3,236.4508,270.39194,259.07822,254.39194,259.07822,286.39194,
3,281.70563,270.39194,259.07822,254.39194,259.07822,286.39194,
3,259.07822,254.39194,243.07822,231.76453,275.07822,231.76453,
3,259.07822,286.39194,243.07822,309.01935,275.07822,309.01935,
4,281.70563,270.39194,297.70563,247.76453,275.07822,231.76453,259.07822,254.39194,
4,236.4508,270.39194,220.4508,293.01935,243.07822,309.01935,259.07822,286.39194,
4,281.70563,270.39194,297.70563,293.01935,275.07822,309.01935,259.07822,286.39194,
3,275.07822,231.76451,297.70563,215.76451,297.70563,247.76451,
3,320.33304,231.76451,297.70563,215.76451,297.70563,247.76451,
3,297.70563,215.76451,281.70563,193.13708,313.70563,193.13708,
3,297.70563,247.76451,281.70563,270.39194,313.70563,270.39194,
4,320.33304,231.76451,336.33304,254.39192,313.70563,270.39194,297.70563,247.76451,
3,313.70563,270.39194,336.33304,254.39194,336.33304,286.39194,
3,358.96045,270.39194,336.33304,254.39194,336.33304,286.39194,
3,336.33304,254.39194,320.33304,231.76453,352.33304,231.76453,
3,336.33304,286.39194,320.33304,309.01935,352.33304,309.01935,
4,358.96045,270.39194,374.96045,247.76453,352.33304,231.76453,336.33304,254.39194,
4,313.70563,270.39194,297.70563,293.01935,320.33304,309.01935,336.33304,286.39194,
4,358.96045,270.39194,374.96045,293.01935,352.33304,309.01935,336.33304,286.39194,
3,352.33304,231.76451,374.96045,215.76451,374.96045,247.76451,
3,397.58786,231.76451,374.96045,215.76451,374.96045,247.76451,
3,374.96045,215.76451,358.96045,193.13708,390.96045,193.13708,
3,374.96045,247.76451,358.96045,270.39194,390.96045,270.39194,
4,397.58786,231.76451,413.58786,254.39192,390.96045,270.39194,374.96045,247.76451,
3,390.96045,270.39194,413.58786,254.39194,413.58786,286.39194,
3,436.21527,270.39194,413.58786,254.39194,413.58786,286.39194,
3,413.58786,254.39194,397.58786,231.76453,429.58786,231.76453,
3,413.58786,286.39194,397.58786,309.01935,429.58786,309.01935,
4,436.21527,270.39194,452.21527,247.76453,429.58786,231.76453,413.58786,254.39194,
4,390.96045,270.39194,374.96045,293.01935,397.58786,309.01935,413.58786,286.39194,
4,436.21527,270.39194,452.21527,293.01935,429.58786,309.01935,413.58786,286.39194,
3,429.5879,231.76451,452.2153,215.76451,452.2153,247.76451,
3,474.8427,231.76451,452.2153,215.76451,452.2153,247.76451,
3,452.2153,215.76451,436.2153,193.13708,468.2153,193.13708,
3,452.2153,247.76451,436.2153,270.39194,468.2153,270.39194,
4,474.8427,231.76451,490.8427,254.39192,468.2153,270.39194,452.2153,247.76451,
3,468.2153,270.39194,490.8427,254.39194,490.8427,286.39194,
3,513.47015,270.39194,490.8427,254.39194,490.8427,286.39194,
3,490.8427,254.39194,474.8427,231.76453,506.8427,231.76453,
3,490.8427,286.39194,474.8427,309.01935,506.8427,309.01935,
4,513.47015,270.39194,529.47015,247.76453,506.8427,231.76453,490.8427,254.39194,
4,468.2153,270.39194,452.2153,293.01935,474.8427,309.01935,490.8427,286.39194,
4,513.47015,270.39194,529.47015,293.01935,506.8427,309.01935,490.8427,286.39194,
3,506.84274,231.76451,529.47015,215.76451,529.47015,247.76451,
3,552.0976,231.76451,529.47015,215.76451,529.47015,247.76451,
3,529.47015,215.76451,513.47015,193.13708,545.47015,193.13708,
3,529.47015,247.76451,513.47015,270.39194,545.47015,270.39194,
4,552.0976,231.76451,568.0976,209.1371,545.47015,193.13708,529.47015,215.76451,
4,552.0976,231.76451,568.0976,254.39192,545.47015,270.39194,529.47015,247.76451,
3,43.313713,309.01935,65.94113,293.01935,65.94113,325.01935,
3,88.56855,309.01935,65.94113,293.01935,65.94113,325.01935,
3,65.94113,293.01935,49.94113,270.39194,81.94113,270.39194,
3,65.94113,325.01935,49.94113,347.64676,81.94113,347.64676,
4,43.313713,309.01935,27.313713,286.39194,49.94113,270.39194,65.94113,293.01935,
4,43.313713,309.01935,27.313713,331.64676,49.94113,347.64676,65.94113,325.01935,
4,88.56855,309.01935,104.56855,331.64676,81.94113,347.64676,65.94113,325.01935,
3,81.94113,347.64676,104.56855,331.64676,104.56855,363.64676,
3,127.19597,347.64676,104.56855,331.64676,104.56855,363.64676,
3,104.56855,331.64676,88.56855,309.01935,120.56855,309.01935,
3,104.56855,363.64676,88.56855,386.27417,120.56855,386.27417,
4,127.19597,347.64676,143.19597,325.01935,120.56855,309.01935,104.56855,331.64676,
4,81.94113,347.64676,65.94113,370.27417,88.56855,386.27417,104.56855,363.64676,
4,127.19597,347.64676,143.19597,370.27417,120.56855,386.27417,104.56855,363.64676,
3,120.56855,309.01935,143.19597,293.01935,143.19597,325.01935,
3,165.82338,309.01935,143.19597,293.01935,143.19597,325.01935,
3,143.19597,293.01935,127.19597,270.39194,159.19597,270.39194,
3,143.19597,325.01935,127.19597,347.64676,159.19597,347.64676,
4,165.82338,309.01935,181.8234,331.64676,159.19597,347.64676,143.19597,325.01935,
3,159.19598,347.64676,181.8234,331.64676,181.8234,363.64676,
3,204.4508,347.64676,181.8234,331.64676,181.8234,363.64676,
3,181.8234,331.64676,165.8234,309.01935,197.8234,309.01935,
3,181.8234,363.64676,165.8234,386.27417,197.8234,386.27417,
4,204.4508,347.64676,220.4508,325.01935,197.8234,309.01935,181.8234,331.64676,
4,159.19598,347.64676,143.19598,370.27417,165.8234,386.27417,181.8234,363.64676,
4,204.4508,347.64676,220.4508,370.27417,197.8234,386.27417,181.8234,363.64676,
3,197.8234,309.01935,220.4508,293.01935,220.4508,325.01935,
3,243.07822,309.01935,220.4508,293.01935,220.4508,325.01935,
3,220.4508,293.01935,204.4508,270.39194,236.4508,270.39194,
3,220.4508,325.01935,204.4508,347.64676,236.4508,347.64676,
4,243.07822,309.01935,259.07822,331.64676,236.4508,347.64676,220.4508,325.01935,
3,236.4508,347.64676,259.07822,331.64676,259.07822,363.64676,
3,281.70563,347.64676,259.07822,331.64676,259.07822,363.64676,
3,259.07822,331.64676,243.07822,309.01935,275.07822,309.01935,
3,259.07822,363.64676,243.07822,386.27417,275.07822,386.27417,
4,281.70563,347.64676,297.70563,325.01935,275.07822,309.01935,259.07822,331.64676,
4,236.4508,347.64676,220.4508,370.27417,243.07822,386.27417,259.07822,363.64676,
4,281.70563,347.64676,297.70563,370.27417,275.07822,386.27417,259.07822,363.64676,
3,275.07822,309.01935,297.70563,293.01935,297.70563,325.01935,
3,320.33304,309.01935,297.70563,293.01935,297.70563,325.01935,
3,297.70563,293.01935,281.70563,270.39194,313.70563,270.39194,
3,297.70563,325.01935,281.70563,347.64676,313.70563,347.64676,
4,320.33304,309.01935,336.33304,331.64676,313.70563,347.64676,297.70563,325.01935,
3,313.70563,347.64676,336.33304,331.64676,336.33304,363.64676,
3,358.96045,347.64676,336.33304,331.64676,336.33304,363.64676,
3,336.33304,331.64676,320.33304,309.01935,352.33304,309.01935,
3,336.33304,363.64676,320.33304,386.27417,352.33304,386.27417,
4,358.96045,347.64676,374.96045,325.01935,352.33304,309.01935,336.33304,331.64676,
4,313.70563,347.64676,297.70563,370.27417,320.33304,386.27417,336.33304,363.64676,
4,358.96045,347.64676,374.96045,370.27417,352.33304,386.27417,336.33304,363.64676,
3,352.33304,309.01935,374.96045,293.01935,374.96045,325.01935,
3,397.58786,309.01935,374.96045,293.01935,374.96045,325.01935,
3,374.96045,293.01935,358.96045,270.39194,390.96045,270.39194,
3,374.96045,325.01935,358.96045,347.64676,390.96045,347.64676,
4,397.58786,309.01935,413.58786,331.64676,390.96045,347.64676,374.96045,325.01935,
3,390.96045,347.64676,413.58786,331.64676,413.58786,363.64676,
3,436.21527,347.64676,413.58786,331.64676,413.58786,363.64676,
3,413.58786,331.64676,397.58786,309.01935,429.58786,309.01935,
3,413.58786,363.64676,397.58786,386.27417,429.58786,386.27417,
4,436.21527,347.64676,452.21527,325.01935,429.58786,309.01935,413.58786,331.64676,
4,390.96045,347.64676,374.96045,370.27417,397.58786,386.27417,413.58786,363.64676,
4,436.21527,347.64676,452.21527,370.27417,429.58786,386.27417,413.58786,363.64676,
3,429.5879,309.01935,452.2153,293.01935,452.2153,325.01935,
3,474.8427,309.01935,452.2153,293.01935,452.2153,325.01935,
3,452.2153,293.01935,436.2153,270.39194,468.2153,270.39194,
3,452.2153,325.01935,436.2153,347.64676,468.2153,347.64676,
4,474.8427,309.01935,490.8427,331.64676,468.2153,347.64676,452.2153,325.01935,
3,468.2153,347.64676,490.8427,331.64676,490.8427,363.64676,
3,513.47015,347.64676,490.8427,331.64676,490.8427,363.64676,
3,490.8427,331.64676,474.8427,309.01935,506.8427,309.01935,
3,490.8427,363.64676,474.8427,386.27417,506.8427,386.27417,
4,513.47015,347.64676,529.47015,325.01935,506.8427,309.01935,490.8427,331.64676,
4,468.2153,347.64676,452.2153,370.27417,474.8427,386.27417,490.8427,363.64676,
4,513.47015,347.64676,529.47015,370.27417,506.8427,386.27417,490.8427,363.64676,
3,506.84274,309.01935,529.47015,293.01935,529.47015,325.01935,
3,552.0976,309.01935,529.47015,293.01935,529.47015,325.01935,
3,529.47015,293.01935,513.47015,270.39194,545.47015,270.39194,
3,529.47015,325.01935,513.47015,347.64676,545.47015,347.64676,
4,552.0976,309.01935,568.0976,286.39194,545.47015,270.39194,529.47015,293.01935,
4,552.0976,309.01935,568.0976,331.64676,545.47015,347.64676,529.47015,325.01935,
3,43.313713,386.27417,65.94113,370.27417,65.94113,402.27417,
3,88.56855,386.27417,65.94113,370.27417,65.94113,402.27417,
3,65.94113,370.27417,49.94113,347.64676,81.94113,347.64676,
3,65.94113,402.27417,49.94113,424.90158,81.94113,424.90158,
4,43.313713,386.27417,27.313713,363.64676,49.94113,347.64676,65.94113,370.27417,
4,43.313713,386.27417,27.313713,408.90158,49.94113,424.90158,65.94113,402.27417,
4,88.56855,386.27417,104.56855,408.90158,81.94113,424.90158,65.94113,402.27417,
3,81.94113,424.90158,104.56855,408.90158,104.56855,440.90158,
3,127.19597,424.90158,104.56855,408.90158,104.56855,440.90158,
3,104.56855,408.90158,88.56855,386.27417,120.56855,386.27417,
3,104.56855,440.90158,88.56855,463.529,120.56855,463.529,
4,127.19597,424.90158,143.19597,402.27417,120.56855,386.27417,104.56855,408.90158,
4,81.94113,424.90158,65.94113,447.529,88.56855,463.529,104.56855,440.90158,
4,127.19597,424.90158,143.19597,447.529,120.56855,463.529,104.56855,440.90158,
3,120.56855,386.27417,143.19597,370.27417,143.19597,402.27417,
3,165.82338,386.27417,143.19597,370.27417,143.19597,402.27417,
3,143.19597,370.27417,127.19597,347.64676,159.19597,347.64676,
3,143.19597,402.27417,127.19597,424.90158,159.19597,424.90158,
4,165.82338,386.27417,181.8234,408.90158,159.19597,424.90158,143.19597,402.27417,
3,159.19598,424.90158,181.8234,408.90158,181.8234,440.90158,
3,204.4508,424.90158,181.8234,408.90158,181.8234,440.90158,
3,181.8234,408.90158,165.8234,386.27417,197.8234,386.27417,
3,181.8234,440.90158,165.8234,463.529,197.8234,463.529,
4,204.4508,424.90158,220.4508,402.27417,197.8234,386.27417,181.8234,408.90158,
4,159.19598,424.90158,143.19598,447.529,165.8234,463.529,181.8234,440.90158,
4,204.4508,424.90158,220.4508,447.529,197.8234,463.529,181.8234,440.90158,
3,197.8234,386.27417,220.4508,370.27417,220.4508,402.27417,
3,243.07822,386.27417,220.4508,370.27417,220.4508,402.27417,
3,220.4508,370.27417,204.4508,347.64676,236.4508,347.64676,
3,220.4508,402.27417,204.4508,424.90158,236.4508,424.90158,
4,243.07822,386.27417,259.07822,408.90158,236.4508,424.90158,220.4508,402.27417,
3,236.4508,424.90158,259.07822,408.90158,259.07822,440.90158,
3,281.70563,424.90158,259.07822,408.90158,259.07822,440.90158,
3,259.07822,408.90158,243.07822,386.27417,275.07822,386.27417,
3,259.07822,440.90158,243.07822,463.529,275.07822,463.529,
4,281.70563,424.90158,297.70563,402.27417,275.07822,386.27417,259.07822,408.90158,
4,236.4508,424.90158,220.4508,447.529,243.07822,463.529,259.07822,440.90158,
4,281.70563,424.90158,297.70563,447.529,275.07822,463.529,259.07822,440.90158,
3,275.07822,386.27417,297.70563,370.27417,297.70563,402.27417,
3,320.33304,386.27417,297.70563,370.27417,297.70563,402.27417,
3,297.70563,370.27417,281.70563,347.64676,313.70563,347.64676,
3,297.70563,402.27417,281.70563,424.90158,313.70563,424.90158,
4,320.33304,386.27417,336.33304,408.90158,313.70563,424.90158,297.70563,402.27417,
3,313.70563,424.90158,336.33304,408.90158,336.33304,440.90158,
3,358.96045,424.90158,336.33304,408.90158,336.33304,440.90158,
3,336.33304,408.90158,320.33304,386.27417,352.33304,386.27417,
3,336.33304,440.90158,320.33304,463.529,352.33304,463.529,
4,358.96045,424.90158,374.96045,402.27417,352.33304,386.27417,336.33304,408.90158,
4,313.70563,424.90158,297.70563,447.529,320.33304,463.529,336.33304,440.90158,
4,358.96045,424.90158,374.96045,447.529,352.33304,463.529,336.33304,440.90158,
3,352.33304,386.27417,374.96045,370.27417,374.96045,402.27417,
3,397.58786,386.27417,374.96045,370.27417,374.96045,402.27417,
3,374.96045,370.27417,358.96045,347.64676,390.96045,347.64676,
3,374.96045,402.27417,358.96045,424.90158,390.96045,424.90158,
4,397.58786,386.27417,413.58786,408.90158,390.96045,424.90158,374.96045,402.27417,
3,390.96045,424.90158,413.58786,408.90158,413.58786,440.90158,
3,436.21527,424.90158,413.58786,408.90158,413.58786,440.90158,
3,413.58786,408.90158,397.58786,386.27417,429.58786,386.27417,
3,413.58786,440.90158,397.58786,463.529,429.58786,463.529,
4,436.21527,424.90158,452.21527,402.27417,429.58786,386.27417,413.58786,408.90158,
4,390.96045,424.90158,374.96045,447.529,397.58786,463.529,413.58786,440.90158,
4,436.21527,424.90158,452.21527,447.529,429.58786,463.529,413.58786,440.90158,
3,429.5879,386.27417,452.2153,370.27417,452.2153,402.27417,
3,474.8427,386.27417,452.2153,370.27417,452.2153,402.27417,
3,452.2153,370.27417,436.2153,347.64676,468.2153,347.64676,
3,452.2153,402.27417,436.2153,424.90158,468.2153,424.90158,
4,474.8427,386.27417,490.8427,408.90158,468.2153,424.90158,452.2153,402.27417,
3,468.2153,424.90158,490.8427,408.90158,490.8427,440.90158,
3,513.47015,424.90158,490.8427,408.90158,490.8427,440.90158,
3,490.8427,408.90158,474.8427,386.27417,506.8427,386.27417,
3,490.8427,440.90158,474.8427,463.529,506.8427,463.529,
4,513.47015,424.90158,529.47015,402.27417,506.8427,386.27417,490.8427,408.90158,
4,468.2153,424.90158,452.2153,447.529,474.8427,463.529,490.8427,440.90158,
4,513.47015,424.90158,529.47015,447.529,506.8427,463.529,490.8427,440.90158,
3,506.84274,386.27417,529.47015,370.27417,529.47015,402.27417,
3,552.0976,386.27417,529.47015,370.27417,529.47015,402.27417,
3,529.47015,370.27417,513.47015,347.64676,545.47015,347.64676,
3,529.47015,402.27417,513.47015,424.90158,545.47015,424.90158,
4,552.0976,386.27417,568.0976,363.64676,545.47015,347.64676,529.47015,370.27417,
4,552.0976,386.27417,568.0976,408.90158,545.47015,424.90158,529.47015,402.27417,
3,120.56855,463.52902,143.19597,447.52902,143.19597,479.52902,
3,165.82338,463.52902,143.19597,447.52902,143.19597,479.52902,
3,143.19597,447.52902,127.19597,424.9016,159.19597,424.9016,
3,143.19597,479.52902,127.19597,502.15643,159.19597,502.15643,
4,120.56855,463.52902,104.56855,486.15643,127.19597,502.15643,143.19597,479.52902,
4,165.82338,463.52902,181.8234,486.15643,159.19597,502.15643,143.19597,479.52902,
3,159.19598,502.15643,181.8234,486.15643,181.8234,518.15643,
3,204.4508,502.15643,181.8234,486.15643,181.8234,518.15643,
3,181.8234,486.15643,165.8234,463.52902,197.8234,463.52902,
3,181.8234,518.15643,165.8234,540.7839,197.8234,540.7839,
4,204.4508,502.15643,220.4508,479.52902,197.8234,463.52902,181.8234,486.15643,
4,159.19598,502.15643,143.19598,524.7839,165.8234,540.7839,181.8234,518.15643,
4,204.4508,502.15643,220.4508,524.7839,197.8234,540.7839,181.8234,518.15643,
3,197.8234,463.52902,220.4508,447.52902,220.4508,479.52902,
3,243.07822,463.52902,220.4508,447.52902,220.4508,479.52902,
3,220.4508,447.52902,204.4508,424.9016,236.4508,424.9016,
3,220.4508,479.52902,204.4508,502.15643,236.4508,502.15643,
4,243.07822,463.52902,259.07822,486.15643,236.4508,502.15643,220.4508,479.52902,
3,236.4508,502.15643,259.07822,486.15643,259.07822,518.15643,
3,281.70563,502.15643,259.07822,486.15643,259.07822,518.15643,
3,259.07822,486.15643,243.07822,463.52902,275.07822,463.52902,
3,259.07822,518.15643,243.07822,540.7839,275.07822,540.7839,
4,281.70563,502.15643,297.70563,479.52902,275.07822,463.52902,259.07822,486.15643,
4,236.4508,502.15643,220.4508,524.7839,243.07822,540.7839,259.07822,518.15643,
4,281.70563,502.15643,297.70563,524.7839,275.07822,540.7839,259.07822,518.15643,
3,275.07822,463.52902,297.70563,447.52902,297.70563,479.52902,
3,320.33304,463.52902,297.70563,447.52902,297.70563,479.52902,
3,297.70563,447.52902,281.70563,424.9016,313.70563,424.9016,
3,297.70563,479.52902,281.70563,502.15643,313.70563,502.15643,
4,320.33304,463.52902,336.33304,486.15643,313.70563,502.15643,297.70563,479.52902,
3,313.70563,502.15643,336.33304,486.15643,336.33304,518.15643,
3,358.96045,502.15643,336.33304,486.15643,336.33304,518.15643,
3,336.33304,486.15643,320.33304,463.52902,352.33304,463.52902,
3,336.33304,518.15643,320.33304,540.7839,352.33304,540.7839,
4,358.96045,502.15643,374.96045,479.52902,352.33304,463.52902,336.33304,486.15643,
4,313.70563,502.15643,297.70563,524.7839,320.33304,540.7839,336.33304,518.15643,
4,358.96045,502.15643,374.96045,524.7839,352.33304,540.7839,336.33304,518.15643,
3,352.33304,463.52902,374.96045,447.52902,374.96045,479.52902,
3,397.58786,463.52902,374.96045,447.52902,374.96045,479.52902,
3,374.96045,447.52902,358.96045,424.9016,390.96045,424.9016,
3,374.96045,479.52902,358.96045,502.15643,390.96045,502.15643,
4,397.58786,463.52902,413.58786,486.15643,390.96045,502.15643,374.96045,479.52902,
3,390.96045,502.15643,413.58786,486.15643,413.58786,518.15643,
3,436.21527,502.15643,413.58786,486.15643,413.58786,518.15643,
3,413.58786,486.15643,397.58786,463.52902,429.58786,463.52902,
3,413.58786,518.15643,397.58786,540.7839,429.58786,540.7839,
4,436.21527,502.15643,452.21527,479.52902,429.58786,463.52902,413.58786,486.15643,
4,390.96045,502.15643,374.96045,524.7839,397.58786,540.7839,413.58786,518.15643,
4,436.21527,502.15643,452.21527,524.7839,429.58786,540.7839,413.58786,518.15643,
3,429.5879,463.52902,452.2153,447.52902,452.2153,479.52902,
3,474.8427,463.52902,452.2153,447.52902,452.2153,479.52902,
3,452.2153,447.52902,436.2153,424.9016,468.2153,424.9016,
3,452.2153,479.52902,436.2153,502.15643,468.2153,502.15643,
4,474.8427,463.52902,490.8427,486.15643,468.2153,502.15643,452.2153,479.52902,
3,197.8234,540.7839,220.4508,524.7839,220.4508,556.7839,
3,243.07822,540.7839,220.4508,524.7839,220.4508,556.7839,
3,220.4508,524.7839,204.4508,502.15646,236.4508,502.15646,
3,220.4508,556.7839,204.4508,579.4113,236.4508,579.4113,
4,197.8234,540.7839,181.8234,563.4113,204.4508,579.4113,220.4508,556.7839,
4,243.07822,540.7839,259.07822,563.4113,236.4508,579.4113,220.4508,556.7839,
3,275.07822,540.7839,297.70563,524.7839,297.70563,556.7839,
3,320.33304,540.7839,297.70563,524.7839,297.70563,556.7839,
3,297.70563,524.7839,281.70563,502.15646,313.70563,502.15646,
3,297.70563,556.7839,281.70563,579.4113,313.70563,579.4113,
4,275.07822,540.7839,259.07822,563.4113,281.70563,579.4113,297.70563,556.7839,
4,320.33304,540.7839,336.33304,563.4113,313.70563,579.4113,297.70563,556.7839,
3,352.33304,540.7839,374.96045,524.7839,374.96045,556.7839,
3,397.58786,540.7839,374.96045,524.7839,374.96045,556.7839,
3,374.96045,524.7839,358.96045,502.15646,390.96045,502.15646,
3,374.96045,556.7839,358.96045,579.4113,390.96045,579.4113,
4,352.33304,540.7839,336.33304,563.4113,358.96045,579.4113,374.96045,556.7839,
4,397.58786,540.7839,413.58786,563.4113,390.96045,579.4113,374.96045,556.7839